Error:0.02540510253273065 lstm_neurons:20 epochs:20 loss:mse
4787.54525478363
4768.532117042541
4695.687097918987
4526.472798042298
4707.807936297655
4560.07312924862
4470.857399892211
4467.964481914043
4444.737529883385
4433.619348084927
Error:0.022855874390560266 lstm_neurons:20 epochs:50 loss:mse
4541.41464388609
4696.7124284935
4700.273864312172
4548.539616050721
4783.502210043669
4453.825627022982
4542.305587434769
4520.930657833815
4569.023122498989
4443.920156729222
Error:0.023686172909045726 lstm_neurons:30 epochs:25 loss:mse
4757.782625193596
4795.910747022629
4767.838033940791
4569.211757125855
4761.467507379055
4539.827138328553
4463.225741363168
4470.337174612284
4502.522518372536
4439.203632950783
Error:0.022373680197217676 lstm_neurons:20 epochs:20 loss:mae
4545.796550757886
4657.227754719257
4691.693956017494
4543.241110153199
4718.205667515993
4479.832833498716
4470.636951237917
4488.349401283264
4528.046080639362
4449.660814785958
Error:0.021694757455838164 lstm_neurons:20 epochs:100 loss:mae
4581.56687227726
4705.251587834358
4719.342355782986
4581.717940750123
4742.498321138621
4483.775211489201
4504.508175412417
4498.911782062053
4544.741084952355
4438.79287801981
Error:0.02193876019376793 lstm_neurons:30 epochs:50 loss:mae
4556.800557742119
4672.532121090889
4736.926264386177
4598.375438575745
4755.929245308637
4508.899128055573
4516.715821720362
4525.646184128523
4584.353290381432
4479.915448257328
Error:0.022392384178562638 lstm_neurons:30 epochs:25 loss:mae
4636.511522364616
4714.910557329655
4752.952039108276
4572.68868724823
4750.409230359793
4519.609554183484
4494.348204424382
4497.618164125085
4529.331044712067
4456.613640376926
Error:0.021512669211953196 lstm_neurons:20 epochs:30 loss:mae
4522.687831065655
4667.651655628681
4765.5751665902135
4597.227719192505
4748.2456430876255
4496.348693275452
4499.731071869731
4524.768658304214
4586.628951945305
4481.242417940498
Error:0.022319799031604814 lstm_neurons:20 epochs:30 loss:mae
4781.5500756096835
4782.5424986124035
4603.937260322571
4778.139641686678
4523.469123744965
4514.016735395194
4524.362519225478
4560.366360177994
4465.94950529933
4606.403684357405
Error:0.022011985581500276 lstm_neurons:20 epochs:30 loss:mae
4734.839710812568
4612.417719268799
4753.380383098125
4508.123569500447
4519.433703911305
4547.926327040791
4605.578038272858
4492.993808174134
4642.773637337685
4661.272581845522
Error:0.022159599238292544 lstm_neurons:20 epochs:30 loss:mae
4512.689269271493
4574.71648021698
4453.796995806694
4611.397727080584
4623.492787480354
4697.583513021469
4681.228598475456
4728.257921351194
4711.481321659088
4789.4658036422725
Error:0.0219285129405894 lstm_neurons:20 epochs:30 loss:mae
4519.448485198617
4586.51628988266
4464.614551773668
4623.442431678176
4636.320084023476
4706.4508401930325
4685.442465529442
4734.937732450961
4723.147902021408
4801.11
Error:0.022678017441029298 lstm_neurons:20 epochs:30 loss:mae
4518.25
4588.15
4456.36
4619.49
4626.35
4697.71
4674.33
4726.45
4720.07
4799.19
Error:0.022241753194081816 lstm_neurons:20 epochs:30 loss:mae
4481.17
4644.6
4663.95
4742.79
4726.4
4777.61
4762.31
4839.89
4946.54
4908.3
Error:0.0230908499547562 lstm_neurons:20 epochs:30 loss:mae
4876.67
4668.85
4721.4
4700.94
4677.91
4630.35
4713.64
4751.25
4826.08
5076.04
Error:0.021812962977988726 lstm_neurons:20 epochs:30 loss:mae
4642.21
4658.16
4712.34
4709.61
4652.91
4738.94
4798.29
4868.5
5055.81
5180.54
Error:0.02220571363858928 lstm_neurons:20 epochs:30 loss:mae
4656.94
4668.69
4629.0
4707.19
4754.31
4836.29
5116.65
5140.0
5106.27
5102.52
Error:0.02354822708653966 lstm_neurons:20 epochs:30 loss:mae
5056.24
5176.57
5152.38
5101.6
5189.64
5318.16
5488.27
5665.66
6255.54
6189.48
Error:0.025482644615703872 lstm_neurons:20 epochs:30 loss:mae
5093.13
5151.8
5295.54
5489.98
5635.56
6072.07
6053.46
6843.99
6997.29
7265.86
Error:0.0249376672727948 lstm_neurons:20 epochs:30 loss:mae
5106.77
5171.94
5310.67
5498.78
5650.04
6135.76
6123.62
6924.07
7097.8
7338.1
Error:0.025675477777270937 lstm_neurons:20 epochs:30 loss:mae
5085.44
5152.25
5296.15
5482.02
5637.67
6071.16
6042.9
6833.79
6978.52
7242.04
Error:0.02527505586002378 lstm_neurons:20 epochs:30 loss:mae
5212.04
5351.59
5533.26
5694.92
6224.36
6224.25
6985.69
7200.29
7455.59
7162.98
Error:0.02668135678786654 lstm_neurons:20 epochs:10 loss:mae
5189.14
5296.88
5484.88
5656.36
6172.26
6271.29
6874.74
7207.92
7459.01
7264.42
Error:0.02549983221939804 lstm_neurons:20 epochs:30 loss:mae
5208.72
5358.17
5543.55
5696.37
6178.06
6209.83
7003.98
7207.02
7472.18
7178.91
Error:0.02537634461539792 lstm_neurons:20 epochs:30 loss:mae
5199.18
5349.23
5531.36
5685.63
6177.67
6199.43
6970.36
7178.4
7451.51
7159.23
Error:0.051082594899424766 lstm_neurons:20 epochs:30 loss:mae
5198.9
5311.16
5483.43
5668.16
6135.01
6968.71
7088.61
7318.38
7036.88
6281.52
Error:0.024987550561183427 lstm_neurons:20 epochs:30 loss:mae
5487.21
5674.41
6363.3
6151.81
7021.29
7084.11
7354.02
7070.94
6670.99
6555.44
Error:0.024386106767081212 lstm_neurons:20 epochs:30 loss:mae
5507.0
5706.64
6403.63
6232.33
7041.0
7175.72
7416.35
7085.23
6604.25
6535.46
